15
7	8	2	4	7	6	9	7	7	3	11	10	5	11	12
8	9	14	9	4	3	11	12	5	9	6	3	9	7	3
12	5	4	15	12	14	12	13	3	9	12	1	2	12	11
9	4	1	5	2	7	15	14	6	13	10	9	12	6	1	
2	11	10	13	12	7	8	5	1	7	5	11	6	3	1
1	10	11	7	11	9	14	3	6	4	11	5	8	1	2
1	11	15	3	5	3	3	6	13	11	4	2	11	14	3
3	6	7	1	15	10	5	15	4	7	13	15	11	9	14	
14	14	1	8	9	4	14	10	8	15	8	13	14	5	8
4	15	2	11	6	1	10	5	9	4	8	5	13	2	3
7	6	5	2	9	8	9	15	6	1	9	14	6	13	6
8	2	13	8	1	8	3	8	14	8	15	8	4	12	8
5	7	2	10	3	11	13	8	2	12	3	6	14	11	15
10	13	6	3	10	12	10	11	8	10	2	4	10	15	10
11	12	9	13	14	12	4	7	12	5	12	9	1	10	6