36
20 15 16 14 10 8 6 8 8 18 7 14 17 12 13 8 1 19 9 2 20 15 16 14 10 8 6 8 8 18 7 14 17 12 13 8 1 19 9 2           
7 18 3 13 3 20 3 3 1 7 4 19 9 7 7 11 17 12 17 14 7 18 3 13 3 20 3 3 1 7 4 19 9 7 7 11 17 12 17 14               
3 5 17 5 16 12 1 10 5 19 16 14 5 9 6 16 11 16 18 16 3 5 17 5 16 12 1 10 5 19 16 14 5 9 6 16 11 16 18 16                
15 17 7 5 19 16 20 15 4 1 12 10 5 18 15 2 5 11 16 3 15 17 7 5 19 16 20 15 4 1 12 10 5 18 15 2 5 11 16 3               
17 4 10 9 10 6 10 2 20 10 5 10 1 10 11 10 3 15 10 19 17 4 10 9 10 6 10 2 20 10 5 10 1 10 11 10 3 15 10 19              
4 2 10 4 12 18 5 13 4 20 9 3 18 6 18 1 8 18 14 9 4 2 10 4 12 18 5 13 4 20 9 3 18 6 18 1 8 18 14 9                  
9 10 13 16 20 8 4 7 2 16 11 16 6 4 12 17 19 14 17 16 9 10 13 16 20 8 4 7 2 16 11 16 6 4 12 17 19 14 17 16                   
12 13 12 20 9 12 14 12 11 10 12 6 12 5 12 18 12 3 12 1 12 13 12 20 9 12 14 12 11 10 12 6 12 5 12 18 12 3 12 1                   
6 12 11 17 5 3 13 9 8 8 16 13 15 13 1 14 7 5 20 14 6 12 11 17 5 3 13 9 8 8 16 13 15 13 1 14 7 5 20 14                     
8 14 18 8 11 1 8 15 9 12 9 17 8 13 9 4 1 2 1 6 8 14 18 8 11 1 8 15 9 12 9 17 8 13 9 4 1 2 1 6                        
13 5 19 15 9 10 12 9 16 7 17 18 7 11 3 9 6 9 8 7 13 5 19 15 9 10 12 9 16 7 17 18 7 11 3 9 6 9 8 7                         
7 19 7 6 18 7 10 4 7 11 14 7 3 7 20 7 2 17 13 7 7 19 7 6 18 7 10 4 7 11 14 7 3 7 20 7 2 17 13 7                        
14 19 4 16 5 2 16 12 7 15 19 11 10 3 10 8 18 19 19 17 14 19 4 16 5 2 16 12 7 15 19 11 10 3 10 8 18 19 19 17                           
19 11 14 10 19 5 15 20 15 14 13 15 4 15 18 19 9 8 1 19 19 11 14 10 19 5 15 20 15 14 13 15 4 15 18 19 9 8 1 19                           
2 9 12 19 7 2 17 2 3 4 2 20 16 8 2 6 16 1 5 13 2 9 12 19 7 2 17 2 3 4 2 20 16 8 2 6 16 1 5 13                          
11 6 19 1 6 7 12 17 19 6 8 12 10 14 19 13 5 6 15 19 11 6 19 1 6 7 12 17 19 6 8 12 10 14 19 13 5 6 15 19                          
15 1 2 17 8 17 7 1 13 3 1 9 15 15 16 1 12 18 15 20 15 1 2 17 8 17 7 1 13 3 1 9 15 15 16 1 12 18 15 20                          
4 3 9 2 14 9 19 1 10 9 20 7 18 7 9 12 13 9 11 8 4 3 9 2 14 9 19 1 10 9 20 7 18 7 9 12 13 9 11 8                             
19 7 1 3 6 19 4 5 19 9 18 13 3 20 14 17 19 10 19 15 19 7 1 3 6 19 4 5 19 9 18 13 3 20 14 17 19 10 19 15                           
1 16 5 12 13 15 19 18 14 13 19 5 2 19 8 19 4 19 6 9 1 16 5 12 13 15 19 18 14 13 19 5 2 19 8 19 4 19 6 9                         
20 15 16 14 10 8 6 8 8 18 7 14 17 12 13 8 1 19 9 2 20 15 16 14 10 8 6 8 8 18 7 14 17 12 13 8 1 19 9 2           
7 18 3 13 3 20 3 3 1 7 4 19 9 7 7 11 17 12 17 14 7 18 3 13 3 20 3 3 1 7 4 19 9 7 7 11 17 12 17 14               
3 5 17 5 16 12 1 10 5 19 16 14 5 9 6 16 11 16 18 16 3 5 17 5 16 12 1 10 5 19 16 14 5 9 6 16 11 16 18 16                
15 17 7 5 19 16 20 15 4 1 12 10 5 18 15 2 5 11 16 3 15 17 7 5 19 16 20 15 4 1 12 10 5 18 15 2 5 11 16 3               
17 4 10 9 10 6 10 2 20 10 5 10 1 10 11 10 3 15 10 19 17 4 10 9 10 6 10 2 20 10 5 10 1 10 11 10 3 15 10 19              
4 2 10 4 12 18 5 13 4 20 9 3 18 6 18 1 8 18 14 9 4 2 10 4 12 18 5 13 4 20 9 3 18 6 18 1 8 18 14 9                  
9 10 13 16 20 8 4 7 2 16 11 16 6 4 12 17 19 14 17 16 9 10 13 16 20 8 4 7 2 16 11 16 6 4 12 17 19 14 17 16                   
12 13 12 20 9 12 14 12 11 10 12 6 12 5 12 18 12 3 12 1 12 13 12 20 9 12 14 12 11 10 12 6 12 5 12 18 12 3 12 1                   
6 12 11 17 5 3 13 9 8 8 16 13 15 13 1 14 7 5 20 14 6 12 11 17 5 3 13 9 8 8 16 13 15 13 1 14 7 5 20 14                     
8 14 18 8 11 1 8 15 9 12 9 17 8 13 9 4 1 2 1 6 8 14 18 8 11 1 8 15 9 12 9 17 8 13 9 4 1 2 1 6                        
13 5 19 15 9 10 12 9 16 7 17 18 7 11 3 9 6 9 8 7 13 5 19 15 9 10 12 9 16 7 17 18 7 11 3 9 6 9 8 7                         
7 19 7 6 18 7 10 4 7 11 14 7 3 7 20 7 2 17 13 7 7 19 7 6 18 7 10 4 7 11 14 7 3 7 20 7 2 17 13 7                        
14 19 4 16 5 2 16 12 7 15 19 11 10 3 10 8 18 19 19 17 14 19 4 16 5 2 16 12 7 15 19 11 10 3 10 8 18 19 19 17                           
19 11 14 10 19 5 15 20 15 14 13 15 4 15 18 19 9 8 1 19 19 11 14 10 19 5 15 20 15 14 13 15 4 15 18 19 9 8 1 19                           
2 9 12 19 7 2 17 2 3 4 2 20 16 8 2 6 16 1 5 13 2 9 12 19 7 2 17 2 3 4 2 20 16 8 2 6 16 1 5 13                          
11 6 19 1 6 7 12 17 19 6 8 12 10 14 19 13 5 6 15 19 11 6 19 1 6 7 12 17 19 6 8 12 10 14 19 13 5 6 15 19                          
15 1 2 17 8 17 7 1 13 3 1 9 15 15 16 1 12 18 15 20 15 1 2 17 8 17 7 1 13 3 1 9 15 15 16 1 12 18 15 20                          
4 3 9 2 14 9 19 1 10 9 20 7 18 7 9 12 13 9 11 8 4 3 9 2 14 9 19 1 10 9 20 7 18 7 9 12 13 9 11 8                             
19 7 1 3 6 19 4 5 19 9 18 13 3 20 14 17 19 10 19 15 19 7 1 3 6 19 4 5 19 9 18 13 3 20 14 17 19 10 19 15                           
1 16 5 12 13 15 19 18 14 13 19 5 2 19 8 19 4 19 6 9 1 16 5 12 13 15 19 18 14 13 19 5 2 19 8 19 4 19 6 9 2 3 4 10          
