30
30	14	4	14	27	14	17	25	16	29	25	20	11	9	11	14	16	22	30	30	12	16	7	6	19	16	3	11	1	14
6	24	8	22	30	13	30	26	9	23	7	29	17	29	3	11	4	11	19	1	8	27	20	8	12	14	8	18	21	2
16	27	25	9	10	16	7	16	14	10	12	30	16	13	10	26	16	11	10	16	22	15	16	17	29	3	16	6	24	16
13	10	9	30	14	20	24	15	22	8	27	9	21	3	24	22	12	9	16	6	19	9	28	25	26	9	11	22	29	26	
7	9	21	15	7	28	30	7	23	1	23	11	13	3	5	13	26	3	29	23	10	18	8	13	2	6	23	19	7	22	
1	29	26	8	28	17	25	8	30	6	15	6	24	11	17	4	17	9	6	27	6	3	29	13	6	12	21	17	19	17
25	13	25	2	5	15	9	3	21	10	8	27	6	5	1	7	20	9	24	21	30	28	26	25	23	9	16	12	9	18
12	17	16	23	26	29	19	29	5	17	20	4	7	30	4	3	17	1	17	10	15	17	22	28	29	11	4	4	18	17
12	15	5	14	9	26	8	14	3	27	22	23	14	25	28	12	11	10	4	27	29	7	12	16	18	20	20	21	14	1
16	11	22	14	8	21	16	6	30	9	22	22	5	22	7	16	17	12	30	24	30	30	25	30	3	10	19	16	20	22
11	25	10	29	25	6	14	28	1	28	21	15	25	5	15	20	25	13	26	13	24	22	25	23	28	7	18	30	28	19
22	17	9	18	7	18	2	1	28	13	22	4	14	18	29	18	8	19	23	28	20	19	16	22	5	30	9	3	11	22
14	4	30	21	15	18	24	20	15	26	13	4	10	28	30	17	15	7	15	22	11	24	19	3	30	25	27	4	12	23
9	3	17	17	21	2	18	2	25	13	30	13	11	17	26	29	7	17	1	5	17	10	29	8	22	27	17	20	9	6
29	16	1	11	18	30	26	23	18	28	21	3	21	17	4	24	4	13	21	21	7	18	15	18	26	16	12	26	5	26
24	20	30	24	4	30	15	30	6	11	2	17	12	11	10	25	19	30	3	18	27	14	17	1	17	22	17	23	8	16
3	21	24	26	13	1	11	27	13	18	21	12	25	23	15	23	13	8	25	16	17	17	29	23	20	21	28	25	30	13
14	30	3	14	25	7	23	16	27	10	1	26	14	2	24	8	24	14	18	23	6	9	24	11	14	28	10	29	23	21
4	16	11	17	6	12	13	25	29	30	24	6	23	11	14	11	2	25	12	11	18	25	3	21	25	1	25	10	25	7
23	28	12	22	11	14	22	13	3	24	22	17	29	6	18	10	23	21	23	8	22	19	2	3	25	20	30	27	3	15
21	22	22	27	20	12	6	20	8	15	9	1	22	29	25	22	10	15	11	15	16	20	22	14	22	4	7	15	2	15
18	2	18	24	1	26	20	11	17	3	24	10	27	24	17	14	28	30	22	29	22	21	6	24	13	23	18	8	26	25
2	12	6	3	22	27	12	24	7	5	25	22	26	1	20	12	15	22	13	12	8	12	11	12	16	18	29	12	17	12	
8	5	1	18	19	19	3	1	24	1	4	6	8	16	30	2	9	23	17	7	1	12	19	27	30	19	26	13	9	29
30	19	27	4	18	10	18	28	26	21	18	8	16	19	13	18	22	24	19	23	14	11	17	26	15	29	5	2	7	11
10	22	19	10	13	19	1	12	16	12	18	5	19	26	19	15	21	12	20	12	10	8	10	29	10	2	10	11	19	30
24	8	2	13	4	17	10	8	19	4	11	4	22	10	12	28	4	6	8	14	3	9	21	15	26	5	1	25	27	9
27	4	20	25	12	11	21	22	21	17	12	14	19	21	30	19	3	20	15	19	13	29	27	7	10	20	24	12	6	27
5	7	8	7	2	9	24	9	10	9	3	19	9	14	4	13	30	16	4	15	23	6	18	7	11	21	17	26	22	4
16	18	15	7	29	9	27	12	8	19	29	27	20	8	2	16	5	5	6	5	21	16	4	30	16	26	27	24	16	11