35
6	11	7	6	24	14	4	35	1	14	27	6	28	23	9	23	14	29	8	6	20	3	2	6	15	3	31	14	32	3	30	14	10	35	5
2	10	21	25	10	3	5	15	4	27	17	22	4	18	20	21	7	5	19	6	10	24	20	9	26	23	28	16	26	35	29	34	13	33	30
31	7	33	31	8	13	15	14	10	14	32	23	13	21	13	35	13	24	14	4	17	31	16	26	14	9	12	12	28	14	19	31	25	14	34	
12	33	7	34	14	23	11	16	18	22	11	32	19	13	6	7	35	13	28	13	9	17	13	21	25	21	2	11	13	20	13	31	7	1	9
32	17	23	19	8	26	21	31	26	9	5	26	8	22	17	1	11	26	13	24	12	29	34	29	26	35	8	28	3	25	10	7	8	16	17
35	13	20	21	20	6	19	1	28	19	9	19	25	20	23	11	20	3	18	20	5	34	12	32	8	24	22	35	31	30	20	12	15	24	16
7	30	15	30	27	30	1	30	13	10	30	25	30	28	29	30	34	31	30	12	6	30	26	18	30	2	30	22	30	5	3	8	30	11	30
31	9	22	23	31	4	19	2	12	34	14	19	5	12	21	20	31	21	26	32	31	33	3	19	16	31	18	19	13	10	31	11	1	21	6	
6	16	34	10	5	11	5	12	29	5	2	17	34	30	31	5	19	21	25	34	24	35	5	3	13	27	34	4	20	34	33	28	5	8	1	
10	12	9	21	17	21	35	12	34	18	24	28	2	31	27	30	1	21	31	11	21	24	25	24	21	19	12	6	12	3	12	12	16	7	24
1	17	4	7	3	16	8	28	4	29	20	3	32	13	11	10	11	19	30	22	34	31	3	6	11	33	24	27	21	8	18	22	12	11	25
9	2	16	24	4	14	9	23	12	31	16	35	16	7	8	6	25	1	16	10	16	30	17	9	21	9	33	9	16	15	16	27	16	19	9
20	12	31	5	9	19	29	8	32	12	26	9	13	4	2	12	28	11	10	9	35	16	33	23	8	6	16	21	24	16	15	11	22	34	16	
29	19	20	15	6	7	15	34	22	13	15	29	21	15	11	8	22	26	22	30	18	28	15	2	9	15	35	23	29	31	22	32	15	5	18
15	22	16	35	11	8	26	8	17	12	22	14	20	32	23	34	22	4	7	23	30	23	19	12	27	20	5	23	9	8	21	22	29	23	3
19	3	25	15	27	9	30	20	29	25	21	25	26	29	24	11	32	30	22	16	33	19	27	8	27	5	30	17	35	6	19	1	14	28	11
8	32	19	29	10	21	33	26	9	35	32	7	15	23	12	4	32	34	23	3	32	27	1	32	28	21	13	30	25	23	24	21	21	6	14
9	26	25	22	16	8	17	20	5	9	23	11	35	34	9	33	24	20	21	22	19	20	2	7	22	10	15	20	2	12	22	4	9	18	11
16	6	6	9	7	32	19	3	31	23	19	8	6	35	25	31	30	5	19	22	31	19	11	19	33	6	4	10	12	6	14	6	17	35	2
34	1	35	14	28	15	18	31	6	16	29	35	30	9	32	22	31	17	4	25	2	12	25	10	25	11	27	28	34	13	32	33	28	26	31
4	7	28	17	18	7	6	9	27	5	25	5	14	2	1	2	17	8	17	21	23	7	35	11	12	11	26	7	29	2	31	17	33	7	22	
11	25	11	17	22	28	34	18	34	7	11	15	2	5	10	34	9	22	12	34	13	1	11	30	2	31	34	33	34	14	35	19	22	4	29
8	4	12	29	2	8	20	8	33	8	13	29	11	3	8	5	8	23	29	35	29	25	32	8	7	29	19	8	1	9	3	17	18	31	8
23	10	30	13	21	35	2	19	3	16	16	31	21	27	20	7	14	22	24	16	18	10	21	4	10	12	9	1	15	16	5	9	26	30	33
29	21	6	11	19	20	12	22	9	2	34	20	16	15	20	28	13	15	14	1	11	8	31	6	18	9	7	24	9	4	9	10	5	17	35	
18	1	3	20	21	27	16	32	25	26	11	10	11	19	16	15	21	9	1	8	11	5	21	31	11	7	11	2	33	16	4	23	16	24	1
1	29	15	18	30	1	32	33	1	20	28	1	23	15	7	15	10	15	35	1	16	15	9	15	4	19	25	15	19	27	15	5	3	1	8
25	35	2	33	21	33	16	29	22	8	30	12	29	1	8	14	8	18	3	28	3	9	35	19	29	4	17	15	27	29	11	20	34	13	23
35	26	14	12	21	30	27	13	21	6	31	21	1	26	4	27	2	26	11	5	27	15	22	26	32	26	10	29	21	16	26	9	21	23	7
17	23	13	10	34	18	9	4	8	4	19	16	4	31	5	3	4	2	5	18	7	4	10	12	5	14	5	32	4	28	20	6	35	25	4
13	5	24	16	17	12	17	29	14	28	35	6	7	25	26	13	33	17	34	20	13	2	4	17	31	17	8	17	30	17	1	17	11	35	21
9	15	17	28	13	15	22	5	15	30	4	21	17	24	17	31	29	25	17	33	26	18	15	35	17	17	14	20	17	19	8	16	17	27	15
7	31	5	2	25	29	23	27	19	7	10	20	34	23	30	17	20	12	3	7	2	22	28	12	6	1	12	8	18	26	2	35	21	15	20	
22	27	27	1	27	31	25	12	24	5	7	4	20	6	28	23	26	10	27	17	15	12	12	13	20	34	21	27	14	33	23	2	30	34	19
28	34	17	22	29	22	28	21	35	4	13	2	35	8	35	26	27	35	20	13	34	10	15	34	1	28	13	9	7	19	6	27	19	30	28